Epoch :31
Loss : 0.6212618350982666
Accuracy :0.8310377597808838
V Loss :8.984564781188965
V Accuracy :0.13611111044883728